6.81364e+09    1.97626e-323    8.24125e-315    0    0    0    0    0    0    0    0    0    0    0    0    0    0    0    0    0    0    0    0    0    0    0    0    0    0    0    0    0    0    0    0    0    0    0    0    0    0    0    0    0    0    0    0    0    0    0    
0    8.45955e+09    0    0    0    0    0    0    0    0    0    0    0    0    0    0    0    0    0    0    0    0    0    0    0    0    0    0    0    0    0    0    0    0    0    0    0    0    0    0    0    0    0    0    0    0    0    0    0    0    
0    0    1.5906e+10    0    0    0    -3.27984e+06    0    0    0    0    0    0    0    2835.41    0    0    0    0    0    0    0    0    0    0    0    0    0    0    0    0    0    0    0    0    0    0    0    0    0    0    0    0    0    0    0    0    0    0    0    
0    0    0    5.94462e+08    0    0    0    0    0    0    0    0    0    0    0    0    0    0    0    0    0    0    0    0    0    -4.77532e+06    0    0    0    0    0    0    0    0    0    0    0    0    0    0    0    0    0    0    0    0    0    0    0    0    
0    0    0    0    2.80209e+09    0    0    0    0    0    0    0    0    0    0    0    0    0    0    0    0    0    0    0    0    0    0    0    0    0    0    0    0    0    0    0    0    0    0    0    0    0    0    0    0    0    0    0    0    0    
0    0    0    0    0    2.4323e+09    0    0    0    0    0    0    0    0    0    0    0    0    0    0    0    0    0    0    0    0    0    0    0    0    0    0    0    0    0    0    0    0    0    0    0    0    0    0    0    0    0    0    0    0    
0    0    -3.27984e+06    0    0    0    1.73304e+10    0    0    0    0    0    0    0    -2.53328e+07    0    0    0    0    0    0    0    0    0    0    0    0    0    0    0    0    1.03989e+08    0    0    0    0    0    0    0    0    0    0    0    0    0    0    0    0    0    0    
0    0    0    0    0    0    0    1.35623e+09    0    0    0    0    0    0    0    0    0    0    0    0    0    0    0    0    0    0    0    0    0    0    0    0    0    0    0    0    0    0    0    0    0    0    0    0    0    0    0    0    0    0    
0    0    0    0    0    0    0    0    7.95636e+09    0    0    0    0    0    0    0    0    0    0    0    0    0    0    0    0    0    0    0    0    0    0    0    0    0    0    9.35533e+06    0    0    0    0    0    0    0    0    0    0    0    0    0    0    
0    0    0    0    0    0    0    0    0    8.95199e+09    0    0    0    0    0    0    0    0    0    0    0    0    0    0    0    0    0    0    0    0    0    0    0    0    0    0    0    0    0    0    0    0    0    0    0    0    0    0    0    0    
0    0    0    0    0    0    0    0    0    0    4.15482e+09    0    0    0    0    0    0    0    0    0    0    0    0    0    0    0    0    0    0    0    0    0    0    0    0    0    0    0    0    0    0    0    0    0    0    0    0    0    0    0    
0    0    0    0    0    0    0    0    0    0    0    2.55646e+09    0    0    0    0    0    0    0    0    0    0    0    0    0    0    0    0    0    0    0    0    0    0    0    0    0    0    0    0    0    0    0    0    0    0    0    0    0    0    
0    0    0    0    0    0    0    0    0    0    0    0    4.22698e+09    0    0    0    0    0    0    0    0    0    0    0    0    0    0    0    0    0    0    0    0    0    0    0    0    0    0    0    0    0    0    0    0    0    0    0    0    0    
0    0    0    0    0    0    0    0    0    0    0    0    0    5.92123e+09    0    0    0    0    0    0    0    0    0    0    0    0    0    0    0    0    0    0    0    0    0    0    0    0    0    0    0    0    0    0    0    0    0    0    0    0    
0    0    2835.41    0    0    0    -2.53328e+07    0    0    0    0    0    0    0    1.6537e+10    0    0    0    0    0    0    0    0    0    0    0    0    0    0    0    0    7.99162e+07    0    0    0    0    0    0    0    0    0    0    0    0    0    0    0    0    0    0    
0    0    0    0    0    0    0    0    0    0    0    0    0    0    0    3.94044e+09    0    0    0    0    0    0    0    0    0    0    0    0    0    0    0    0    0    0    0    0    0    0    0    0    0    0    0    0    0    0    0    0    0    0    
0    0    0    0    0    0    0    0    0    0    0    0    0    0    0    0    7.12727e+09    0    0    0    0    0    0    0    0    0    0    0    0    0    0    0    0    0    0    0    0    0    0    0    0    0    0    0    0    0    0    0    0    0    
0    0    0    0    0    0    0    0    0    0    0    0    0    0    0    0    0    2.53619e+09    0    0    0    0    0    0    0    0    0    0    0    0    0    0    0    0    0    0    0    0    0    0    0    0    0    0    0    0    0    0    0    0    
0    0    0    0    0    0    0    0    0    0    0    0    0    0    0    0    0    0    1.42083e+10    0    0    0    0    0    0    0    0    0    0    0    0    0    0    0    0    0    0    0    0    0    0    0    0    0    0    0    0    0    0    0    
0    0    0    0    0    0    0    0    0    0    0    0    0    0    0    0    0    0    0    1.00821e+09    0    0    0    0    0    0    0    0    0    0    0    0    0    0    0    0    0    0    0    0    0    0    0    0    0    0    0    0    0    0    
0    0    0    0    0    0    0    0    0    0    0    0    0    0    0    0    0    0    0    0    2.04025e+09    0    0    0    0    0    0    0    0    0    0    0    0    0    0    0    0    0    0    0    0    0    0    0    0    0    0    0    0    0    
0    0    0    0    0    0    0    0    0    0    0    0    0    0    0    0    0    0    0    0    0    9.07791e+09    0    0    0    0    0    0    0    0    0    0    0    0    0    0    0    0    0    0    0    0    0    0    0    0    0    0    0    0    
0    0    0    0    0    0    0    0    0    0    0    0    0    0    0    0    0    0    0    0    0    0    5.11126e+09    0    0    0    -6.19861e+06    0    0    0    0    0    0    0    0    0    0    0    0    0    0    0    0    0    0    0    0    0    0    0    
0    0    0    0    0    0    0    0    0    0    0    0    0    0    0    0    0    0    0    0    0    0    0    3.37283e+09    0    0    0    -3.41017e+06    0    0    0    0    0    0    0    0    0    0    1.96572e+07    3.20758e+06    0    0    0    0    0    0    0    -3.35012e+06    0    0    
0    0    0    0    0    0    0    0    0    0    0    0    0    0    0    0    0    0    0    0    0    0    0    0    2.17088e+08    0    0    0    0    0    0    0    0    0    0    0    0    0    0    0    0    0    0    0    0    0    0    0    0    0    
0    0    0    -4.77532e+06    0    0    0    0    0    0    0    0    0    0    0    0    0    0    0    0    0    0    0    0    0    2.33771e+09    0    0    0    0    0    0    0    0    0    0    0    0    0    0    0    0    0    0    0    0    0    0    0    0    
0    0    0    0    0    0    0    0    0    0    0    0    0    0    0    0    0    0    0    0    0    0    -6.19861e+06    0    0    0    3.08641e+09    0    0    0    0    0    0    0    0    0    0    0    0    0    0    0    0    0    0    0    0    0    0    0    
0    0    0    0    0    0    0    0    0    0    0    0    0    0    0    0    0    0    0    0    0    0    0    -3.41017e+06    0    0    0    3.61574e+09    0    0    0    0    0    0    0    0    0    0    2.47766e+07    798100    0    0    0    0    0    0    0    8.50909e+06    0    0    
0    0    0    0    0    0    0    0    0    0    0    0    0    0    0    0    0    0    0    0    0    0    0    0    0    0    0    0    3.22179e+09    0    0    0    0    0    0    0    0    0    0    0    0    0    0    0    0    0    0    0    0    0    
0    0    0    0    0    0    0    0    0    0    0    0    0    0    0    0    0    0    0    0    0    0    0    0    0    0    0    0    0    1.36338e+09    0    0    0    0    0    0    0    0    0    0    0    0    0    0    0    0    0    0    0    0    
0    0    0    0    0    0    0    0    0    0    0    0    0    0    0    0    0    0    0    0    0    0    0    0    0    0    0    0    0    0    1.28883e+09    0    0    0    0    0    0    0    0    0    0    0    0    0    0    0    0    0    0    0    
0    0    0    0    0    0    1.03989e+08    0    0    0    0    0    0    0    7.99162e+07    0    0    0    0    0    0    0    0    0    0    0    0    0    0    0    0    2.00831e+10    0    0    0    0    0    0    0    0    0    0    0    0    0    0    0    0    0    0    
0    0    0    0    0    0    0    0    0    0    0    0    0    0    0    0    0    0    0    0    0    0    0    0    0    0    0    0    0    0    0    0    5.67222e+08    0    0    0    0    0    0    0    0    0    0    0    0    0    0    0    0    0    
0    0    0    0    0    0    0    0    0    0    0    0    0    0    0    0    0    0    0    0    0    0    0    0    0    0    0    0    0    0    0    0    0    7.61153e+09    0    0    0    0    0    0    0    0    0    0    0    0    0    0    0    0    
0    0    0    0    0    0    0    0    0    0    0    0    0    0    0    0    0    0    0    0    0    0    0    0    0    0    0    0    0    0    0    0    0    0    4.06583e+09    0    0    0    0    0    0    0    0    0    0    0    0    0    0    0    
0    0    0    0    0    0    0    0    9.35533e+06    0    0    0    0    0    0    0    0    0    0    0    0    0    0    0    0    0    0    0    0    0    0    0    0    0    0    4.82161e+09    0    0    0    0    0    0    0    0    0    0    0    0    0    0    
0    0    0    0    0    0    0    0    0    0    0    0    0    0    0    0    0    0    0    0    0    0    0    0    0    0    0    0    0    0    0    0    0    0    0    0    1.06448e+10    0    0    0    0    0    0    0    0    0    0    0    0    0    
0    0    0    0    0    0    0    0    0    0    0    0    0    0    0    0    0    0    0    0    0    0    0    0    0    0    0    0    0    0    0    0    0    0    0    0    0    8.13991e+08    0    0    0    0    0    0    0    0    0    0    0    0    
0    0    0    0    0    0    0    0    0    0    0    0    0    0    0    0    0    0    0    0    0    0    0    1.96572e+07    0    0    0    2.47766e+07    0    0    0    0    0    0    0    0    0    0    1.98679e+09    0    0    0    0    0    0    0    0    2.27931e+07    0    0    
0    0    0    0    0    0    0    0    0    0    0    0    0    0    0    0    0    0    0    0    0    0    0    3.20758e+06    0    0    0    798100    0    0    0    0    0    0    0    0    0    0    0    5.62101e+09    0    0    0    0    0    0    0    0    0    0    
0    0    0    0    0    0    0    0    0    0    0    0    0    0    0    0    0    0    0    0    0    0    0    0    0    0    0    0    0    0    0    0    0    0    0    0    0    0    0    0    8.15507e+09    0    0    0    0    0    0    0    0    0    
0    0    0    0    0    0    0    0    0    0    0    0    0    0    0    0    0    0    0    0    0    0    0    0    0    0    0    0    0    0    0    0    0    0    0    0    0    0    0    0    0    7.84583e+09    0    0    0    0    0    0    0    0    
0    0    0    0    0    0    0    0    0    0    0    0    0    0    0    0    0    0    0    0    0    0    0    0    0    0    0    0    0    0    0    0    0    0    0    0    0    0    0    0    0    0    2.55716e+09    0    0    0    0    0    0    0    
0    0    0    0    0    0    0    0    0    0    0    0    0    0    0    0    0    0    0    0    0    0    0    0    0    0    0    0    0    0    0    0    0    0    0    0    0    0    0    0    0    0    0    1.16612e+09    0    0    0    0    0    0    
0    0    0    0    0    0    0    0    0    0    0    0    0    0    0    0    0    0    0    0    0    0    0    0    0    0    0    0    0    0    0    0    0    0    0    0    0    0    0    0    0    0    0    0    7.93242e+09    0    0    0    0    0    
0    0    0    0    0    0    0    0    0    0    0    0    0    0    0    0    0    0    0    0    0    0    0    0    0    0    0    0    0    0    0    0    0    0    0    0    0    0    0    0    0    0    0    0    0    9.19027e+09    0    0    0    0    
0    0    0    0    0    0    0    0    0    0    0    0    0    0    0    0    0    0    0    0    0    0    0    0    0    0    0    0    0    0    0    0    0    0    0    0    0    0    0    0    0    0    0    0    0    0    4.21682e+09    0    4.75879e+07    0    
0    0    0    0    0    0    0    0    0    0    0    0    0    0    0    0    0    0    0    0    0    0    0    -3.35012e+06    0    0    0    8.50909e+06    0    0    0    0    0    0    0    0    0    0    2.27931e+07    0    0    0    0    0    0    0    0    1.45536e+09    0    0    
0    0    0    0    0    0    0    0    0    0    0    0    0    0    0    0    0    0    0    0    0    0    0    0    0    0    0    0    0    0    0    0    0    0    0    0    0    0    0    0    0    0    0    0    0    0    4.75879e+07    0    4.16081e+09    0    
0    0    0    0    0    0    0    0    0    0    0    0    0    0    0    0    0    0    0    0    0    0    0    0    0    0    0    0    0    0    0    0    0    0    0    0    0    0    0    0    0    0    0    0    0    0    0    0    0    6.31779e+09    
